60
64
67
72
76
67
72
76
60
64
67
72
76
67
72
76
60
62
69
74
77
69
74
77
60
62
69
74
77
69
74
77
59
62
67
74
77
67
74
77
59
62
67
74
77
67
74
77
60
64
67
72
76
67
72
76
60
64
67
72
76
67
72
76
60
64
69
76
81
69
76
81
60
64
69
76
81
69
76
81
60
62
66
69
74
66
69
74
60
62
66
69
74
66
69
74
59
62
67
74
79
67
74
79
59
62
67
74
79
67
74
79
59
60
64
67
72
64
67
72
59
60
64
67
72
64
67
72
57
60
64
67
72
64
67
72
57
60
64
67
72
64
67
72
50
57
62
66
72
62
66
72
50
57
62
66
72
62
66
72
55
59
62
67
71
62
67
71
55
59
62
67
71
62
67
71
55
58
64
67
73
64
67
73
55
58
64
67
73
64
67
73
53
57
62
69
74
62
69
74
53
57
62
69
74
62
69
74
53
56
62
65
71
62
65
71
53
56
62
65
71
62
65
71
52
55
60
67
72
60
67
72
52
55
60
67
72
60
67
72
52
53
57
60
65
57
60
65
52
53
57
60
65
57
60
65
50
53
57
60
65
57
60
65
50
53
57
60
65
57
60
65
43
50
55
59
65
55
59
65
43
50
55
59
65
55
59
65
48
52
55
60
64
55
60
64
48
52
55
60
64
55
60
64
48
55
58
60
64
58
60
64
48
55
58
60
64
58
60
64
41
53
57
60
64
57
60
64
41
53
57
60
64
57
60
64
42
48
57
60
63
57
60
63
42
48
57
60
63
57
60
63
44
53
59
60
62
59
60
62
44
53
59
60
62
59
60
62
43
53
55
59
62
55
59
62
43
53
55
59
62
55
59
62
43
52
55
60
64
55
60
64
43
52
55
60
64
55
60
64
43
50
55
60
65
55
60
65
43
50
55
60
65
55
60
65
43
50
55
59
65
55
59
65
43
50
55
59
65
55
59
65
43
51
57
60
66
57
60
66
43
51
57
60
66
57
60
66
43
52
55
60
67
55
60
67
43
52
55
60
67
55
60
67
43
50
55
60
65
55
60
65
43
50
55
60
65
55
60
65
43
50
55
59
65
55
59
65
43
50
55
59
65
55
59
65
36
48
55
58
64
55
58
64
36
48
55
58
64
55
58
64
36
48
53
57
60
65
60
57
60
57
53
57
53
50
53
50
36
50
67
71
74
77
74
71
74
71
67
71
62
65
64
62
72
67
64
36
48
60
62
64
65
67
65
64
69
62
67
69
67
65
64
65
67
64
62
69
60
62
71
60
59
72
57
66
74
72
71
67
76
69
74
66
64
66
76
74
62
72
71
67
67
69
65
55
71
72
64
57
71
72
62
59
74
76
60
60
74
76
78
62
60
79
59
71
67
64
72
57
69
65
62
64
74
65
72
64
71
62
69
60
67
59
65
64
60
48
67
65
62
50
64
65
58
52
67
69
60
57
53
67
69
65
62
71
55
53
72
55
52
67
65
60
57
64
65
50
57
62
59
55
60
71
67
62
57
55
53
55
52
53
72
52
50
74
48
50
76
55
48
47
77
57
45
59
50
79
77
76
60
57
81
54
62
60
74
59
55
57
79
64
58
55
57
49
81
79
62
50
77
76
57
64
81
62
60
59
52
83
81
64
79
77
57
59
67
60
62
69
62
60
59
71
57
55
76
72
60
59
60
78
74
57
72
79
71
64
62
76
60
59
69
60
57
74
59
60
78
62
76
60
74
59
72
57
79
71
55
77
76
43
74
72
45
74
72
62
47
71
69
64
48
72
71
66
69
50
48
67
47
52
69
67
66
45
72
71
50
69
68
64
52
76
69
50
48
74
47
71
72
69
52
71
67
69
66
54
68
69
65
56
50
71
72
64
57
48
66
69
62
53
68
59
57
71
56
64
69
66
60
52
71
68
72
69
54
68
77
69
59
50
71
76
68
66
60
74
68
59
52
69
57
71
56
53
72
57
52
71
50
71
52
72
71
56
69
69
57
45
60
62
64
55
65
57
59
67
65
64
60
69
62
60
62
59
67
64
43
57
45
69
67
62
47
65
64
48
67
64
55
50
48
69
66
62
47
71
67
52
72
60
45
66
57
50
74
72
71
68
64
52
72
69
50
48
74
62
47
76
67
46
77
69
45
71
43
79
77
76
72
45
81
57
54
74
72
74
71
59
55
79
76
61
52
69
62
50
81
79
74
77
64
62
76
60
52
76
81
74
65
53
72
74
71
59
55
82
79
64
57
55
81
73
53
65
79
74
64
58
77
62
79
76
61
52
77
79
73
57
76
77
74
79
58
79
76
57
81
79
77
55
79
81
69
53
73
52
74
57
53
79
50
76
59
55
77
76
64
61
57
74
74
66
62
50
67
64
62
69
60
66
71
69
67
59
52
72
64
50
48
66
47
66
45
71
64
43
62
42
60
40
72
71
52
69
67
54
66
67
64
55
62
69
64
62
71
60
57
59
55
72
62
57
54
55
57
50
74
54
72
71
55
55
69
76
67
59
65
69
64
60
67
74
65
62
69
67
64
76
74
72
65
64
71
62
72
69
74
70
67
76
77
72
60
57
79
81
65
79
77
74
59
76
67
74
67
65
60
72
64
71
67
62
53
57
55
53
72
64
52
50
74
65
62
48
47
67
48
50
72
64
55
52
53
62
55
71
43
72
64
48
69
48
71
50
70
67
52
69
53
74
65
55
53
67
52
72
69
57
74
70
50
76
55
72
70
77
69
57
74
55
53
67
52
81
50
79
72
52
77
53
76
55
77
74
57
76
72
58
74
70
55
72
69
57
70
52
69
53
67
55
65
57
67
59
65
60
64
57
62
59
67
69
71
72
74
76
77
67
69
60
72
74
76
77
79
81
77
74
83
79
84
76
