808.7973749999999
707.4459999999999
101.35137499999996
101.33459479166662
89.40397499999997
101.35137500000002
101.35137500000002
101.35137500000002
806.756875
705.4055000000001
101.3513749999999
101.3513749999999
91.21623750000008
100.00000000000009
100.00000000000009
100.01126145833328
794.9282197916663
693.5768447916662
101.32914895833322
98.66316354166659
86.53848749999993
98.6842499999998
98.6842499999998
98.68969583333342
786.5203614583338
687.1826114583337
99.32162395833322
97.38207604166682
85.44307500000015
97.40262499999997
97.43553125000037
101.34570625000006
785.3738750000003
684.7027500000005
100.64388749999998
97.37218645833367
84.37500000000009
97.40262499999997
97.40262499999997
97.4298625000003
797.6516927083339
696.9805677083336
100.65456770833325
98.66316354166659
86.53848750000037
98.6842499999998
98.72395000000012
103.40855000000016
789.6877499999997
691.0034999999999
98.6842499999998
98.65805937500039
85.98723750000036
98.6842499999998
98.71222187500007
102.0129031249999
786.9658510416659
688.2816010416661
98.6842499999998
98.66316354166659
86.53848750000037
98.6842499999998
98.6842499999998
98.70647604166649
793.0100000000016
691.6586250000014
101.32914895833345
98.66316354166659
86.53848750000037
98.03925000000024
98.03925000000024
98.06685104166668
794.9692739583352
693.617898958335
101.3237739583337
98.0235385416668
86.53848750000037
98.03925000000024
98.0611822916666
100.6491927083335
779.9281822916671
681.8889322916668
98.03924999999936
98.01843437499969
85.98723749999948
97.40262500000085
97.40262500000085
97.4298625000003
798.335032291666
697.6639072916662
100.67112499999986
100.64388750000042
87.6623624999997
97.40262500000085
97.45300520833311
103.41951458333298
789.7131250000023
689.7131250000026
99.97835520833398
97.39221875000048
86.53848750000037
97.40262500000085
97.43553125000126
101.34011354166539
790.5508427083295
690.5508427083298
99.97311875000037
96.77424999999928
87.09682499999971
96.77424999999928
96.82986666666515
103.42510729166676
794.336692708331
693.6655677083312
100.67112499999986
100.6386510416668
87.09682499999971
96.77424999999928
96.8123927083333
101.32377395833281
785.9333749999955
687.8941249999962
98.03924999999936
98.02870833333266
87.09682499999971
96.77424999999928
96.82986666666515
103.40855000000104
797.4808208333321
698.7965708333323
98.6842499999998
98.6842499999998
88.8158249999993
101.35137500000013
101.35137500000013
101.33459479166618
810.2820260416675
710.9442760416673
99.33775000000011
99.33775000000011
89.40397499999975
102.04087500000014
102.10294270833309
109.426932291667
806.1226249999986
704.0817499999985
102.02386770833272
99.99999999999964
89.99999999999986
99.99999999999964
99.99999999999964
100.01700729166707
806.8993489583338
704.8584739583337
102.0183489583335
99.33775000000011
89.40397499999975
99.33775000000011
99.37200416666592
103.41399583333377
789.5079999999925
690.1702499999942
99.33775000000011
99.32692916666497
88.23532499999942
98.03924999999936
98.03924999999936
98.05007083333095
790.252125000002
690.914375000002
99.33775000000011
99.32162395833188
87.66236250000148
97.40262500000085
97.40262500000085
100.7093760416673
793.0071249999991
693.6693749999989
99.33775000000011
99.32162395833188
87.66236250000148
97.40262500000085
97.45300520833311
103.413995833332
794.4651572916612
695.1274072916611
99.33775000000011
99.33775000000011
88.44092083333166
98.03924999999936
98.07842083333185
102.75164062499798
794.2966343749908
690.1702499999942
99.33775000000011
99.32692916666497
88.23532499999942
98.03924999999936
98.03924999999936
98.05007083333095
795.6408937499937
696.3031437499935
99.33775000000011
99.32692916666497
88.23532499999942
98.03924999999936
98.09031145833202
104.13190312499765
792.1569999999961
692.1569999999946
100.00000000000142
99.98366041666529
88.23532499999942
98.03924999999936
98.03924999999936
98.05558958333194
796.857499999998
696.8574999999965
100.00000000000142
99.98366041666529
88.23532499999942
98.03924999999936
98.07842083333185
102.71691874999789
786.429231249997
686.4292312499956
99.99448124999688
99.31638750000005
87.09682499999971
96.77424999999928
96.77424999999928
96.79561249999935
795.2037364583368
695.8659864583367
99.33775000000011
99.32162395833188
87.66236250000148
97.40262500000085
97.47121770833544
105.59239479166749
794.8415000000005
694.1703749999988
100.67112500000164
100.64919270833173
88.23532499999942
98.03924999999936
98.03924999999936
98.06118229166572
805.1202500000052
704.4491250000035
100.67112500000164
100.65456770833237
88.81582500000107
98.68425000000158
98.74840624999948
106.33540104166528
804.3710000000103
703.6998750000088
100.67112500000164
100.65456770833237
88.81582500000107
98.68425000000158
98.74216250000245
105.59239479166749
807.0807499999972
706.4096249999956
100.67112500000164
100.66001354166332
89.40397499999975
99.33775000000011
99.3964604166635
106.33540104166528
805.369000000006
704.6978750000044
100.67112500000164
100.67112500000164
90.60401249999828
100.67112500000164
100.67112500000164
100.67112499999809
805.3921427083388
704.7210177083372
100.67112500000164
100.67112500000164
90.60401249999828
100.67112500000164
100.67112500000164
100.6942677083309
813.6944708333331
710.2462208333336
103.42510729166676
100.67112500000164
90.60401249999828
100.67112500000164
100.67112500000164
100.68836354166422
808.1964187500041
705.4566687500028
102.71691874999789
100.00000000000142
89.99999999999986
100.00000000000142
100.00000000000142
99.99999999999787
795.4158749999963
695.4158749999983
100.00000000000142
99.9783552083322
87.66236250000148
99.33775000000011
99.33775000000011
99.34326874999755
806.8916250000023
706.8916250000008
100.00000000000142
99.9783552083322
87.66236250000148
100.00000000000142
100.07907500000002
109.4099249999978
792.1569999999996
692.1569999999981
100.00000000000142
99.98366041666884
88.23532499999942
98.03924999999936
98.03924999999936
98.05558958333194
803.983382291662
703.9833822916605
100.00000000000142
99.98903541666948
88.81582499999752
98.68424999999803
98.76116145832725
107.86468541666494
810.848
708.8071249999998
102.04087500000014
102.0294604166665
90.60401250000183
100.67112499999809
100.67112499999809
100.68253958333173
825.3230281250055
723.2821531250054
102.04087500000014
102.02386770833272
90.00000000000341
100.00000000000142
100.14322916666885
117.03330625000063
788.4687499999857
689.7844999999876
98.68424999999803
98.68424999999803
88.81582499999752
96.15387499999883
96.208757291663
102.70595416666595
789.0385968749882
690.3543468749901
98.68424999999803
98.68424999999803
88.81582499999752
96.77425000000284
96.81813854166421
102.04087500000014
799.5381291666561
697.4972541666559
102.01290312500078
98.68424999999803
88.81582499999752
98.68424999999803
98.68424999999803
98.70647604166294
802.9520812499982
701.600706249998
101.32914895833522
98.68424999999803
88.81582499999752
98.68424999999803
98.72993645833361
104.13749583333498
797.4214999999845
696.7503749999864
100.67112499999809
100.65456770833237
88.81582499999752
98.68424999999803
98.68424999999803
98.70080729166375
794.824942708324
694.153817708326
100.67112499999809
100.64919270833173
88.23532499999942
98.03924999999936
98.03924999999936
98.044625
785.2617260416537
686.5774760416557
98.68424999999803
98.66316354166571
86.53848750000037
96.15387499999883
96.20293333333052
102.03512916666568
791.0990947916546
689.7644999999884
99.33774999999656
99.31121770833329
86.53848750000037
96.16428124999743
97.44127708333394
102.01834895833173
786.9614999999897
687.6237499999932
99.33774999999656
99.32162395833188
87.66236249999793
97.40262500000085
97.40262500000085
97.41875104166553
792.2986249999866
692.96087499999
99.33774999999656
99.32162395833188
87.66236249999793
97.40262500000085
97.44710104166643
102.7113999999969
802.8113749999903
703.4736249999937
99.33774999999656
99.33774999999656
89.4039750000033
102.04087500000014
102.04087500000014
102.01834895833173
810.9289177083241
711.5911677083275
99.33774999999656
99.33774999999656
89.4039750000033
102.7397499999978
102.78938229166812
108.68268541666737
821.4098937500082
714.2670187500073
107.08335104166622
100.00000000000142
90.00000000000341
100.00000000000142
100.00000000000142
100.04079270833444
821.7874572916699
716.8923322916712
104.85433229166574
100.00000000000142
90.00000000000341
100.00000000000142
100.05952395833617
107.08335104166622
794.1177500000051
694.1177500000038
100.00000000000142
100.00000000000142
90.00000000000341
98.03924999999936
98.03924999999936
98.05558958333194
794.1709416666711
694.1709416666697
100.00000000000142
100.00000000000142
90.00000000000341
98.03924999999936
98.03924999999936
98.10878124999789
806.3706010416709
700.0407927083359
100.00000000000142
100.00000000000142
90.00000000000341
100.00000000000142
100.00000000000142
100.04079270833444
809.5692145833268
704.7092895833273
100.67112499999809
100.67112499999809
90.60401250000183
100.67112499999809
100.67112499999809
100.68253958333173
816.5598750000029
714.5190000000027
102.04087500000014
102.0294604166665
90.60401250000183
100.67112499999809
100.71872395833026
106.34681562500248
815.0720000000007
713.0311250000005
102.04087500000014
102.0294604166665
90.60401250000183
100.67112499999809
100.70632499999732
104.87133958333317
1666.3079614583366
1564.2371458333387
102.04087500000014
99.33774999999656
99.78827083333641
102.04087500000014
102.04087500000014
102.04087500000014
98.68424999999803
102.04087500000014
102.04087500000014
102.04087500000014
105.63375000000264
105.63375000000264
112.78200000000282
126.05037499999838
2021.1522000000314
1914.4146041666943
105.63375000000264
105.63375000000264
105.63375000000264
105.63375000000264
105.63375000000264
105.63375000000264
118.11025000000086
118.11025000000086
118.11025000000086
118.11025000000086
141.80618750000207
153.94741666666079
168.6885000000089
238.09525000000065
2857.1430000000005
2857.1430000000005
2857.1430000000005
2857.1430000000005
2857.1430000000005
240.3460000000024
240.3460000000024
240.3460000000024
359.99999999999943
55.97012500000176
55.97012500000176
218.25397916666844
238.09525000000065
223.57729166666473
354.3307500000026
118.11025000000086
118.11025000000086
118.11025000000086
118.11025000000086
121.95125000000218
236.22050000000172
118.11025000000086
118.11025000000086
236.22050000000172
118.11025000000086
118.11025000000086
243.90250000000435
121.95125000000218
121.95125000000218
354.3307500000026
236.22050000000172
230.05050000000438
55.97012500000176
55.97012500000176
216.53545833333254
714.3765000000074
236.22050000000172
221.77420833333628
351.5625
117.1875
117.1875
214.84375
117.1875
117.1875
234.375
117.1875
90.00000000000341
64329.50904166663
64449.50904166663
118.11025000000086
236.22050000000172
236.22050000000172
118.11025000000086
117.1875
234.375
234.375
117.1875
117.1875
234.375
234.375
117.1875
117.1875
65274.47954166664
65396.43079166663
117.1875
121.95124999999507
111.11112500000786
55.55556250000393
55.55556250000393
234.375
214.84375
234.375
478.27750000000435
234.375
223.57729166667184
223.57729166667184
234.375
117.1875
351.5625
117.1875
117.1875
585.9375
117.1875
117.1875
117.1875
117.1875
117.1875
117.1875
355.3427500000055
214.84375
117.1875
241.93550000001096
476.31050000001096
241.93550000001096
120.96775000000548
117.1875
468.75
234.375
117.1875
117.1875
234.375
234.375
117.1875
117.1875
234.375
214.84375
351.5625
117.1875
117.1875
226.6764999999964
226.6764999999964
109.4889999999964
54.7444999999982
54.7444999999982
950.5970000000161
216.53545833333965
216.53545833333965
118.11025000000086
118.11025000000086
236.22050000000172
236.22050000000172
118.11025000000086
221.77420833334338
221.77420833334338
120.96775000000548
236.22050000000172
118.11025000000086
354.3307500000026
118.11025000000086
461.78449999999316
934.2254999999824
461.78449999999316
118.11025000000086
112.78199999999572
112.78199999999572
472.44099999998923
88.58268749999354
118.11025000000086
236.22050000000172
118.11025000000086
118.11025000000086
236.2204999999875
88.58268749999354
118.11025000000086
241.93550000001096
241.93550000001096
120.96775000000548
120.96775000000548
354.3307500000026
236.22050000000172
216.53545833333965
230.05050000000438
230.05050000000438
55.97012500000176
55.97012500000176
214.84375
351.5625
234.375
234.375
234.375
58.59375
58.59375
221.1441666666758
221.1441666666758
120.3377083333379
120.96775000000548
354.3307500000026
236.22050000000172
118.11025000000086
118.11025000000086
216.53545833333965
236.22050000000172
118.11025000000086
113.63637499999868
349.22399999999243
227.27274999999736
113.63637499999868
223.57729166665763
480.12299999999186
121.95124999999507
354.3307500000026
118.11025000000086
118.11025000000086
236.22050000000172
470.8246250000059
118.11025000000086
113.63637499999868
707.0451250000076
120.96775000000548
944.8820000000069
118.11025000000086
118.11025000000086
236.22050000000172
118.11025000000086
118.11025000000086
236.22050000000172
472.44100000000344
118.11025000000086
118.11025000000086
236.22050000000172
118.11025000000086
118.11025000000086
354.3307500000026
354.3307500000026
236.22050000000172
118.11025000000086
118.11025000000086
111.9402499999893
55.97012500000176
83.95518749999553
55.97012499998755
949.7957499999927
216.53545833333965
118.11025000000086
118.11025000000086
235.29775000000086
118.11025000000086
117.1875
223.57729166665763
91.4634374999963
121.95124999999507
347.2993958333319
117.1875
117.1875
457.7751458333097
112.92439583333191
113.92554166666002
113.92554166666002
114.94424999999353
114.94424999999353
115.98095833332422
115.98095833332422
113.63637499999868
228.1402499999956
459.80400000000543
114.50387499999692
115.38462500000435
231.66375000000983
116.27912500000548
117.1875
234.375
117.1875
120.00000000000455
240.0000000000091
240.0000000000091
120.00000000000455
117.1875
234.375
351.5625
117.1875
117.1875
229.12775000000352
111.94025000000352
55.97012500000176
55.97012500000176
351.5625
214.84375
228.29862500000786
55.55556250000393
55.55556250000393
214.84375
214.84375
117.1875
234.375
356.32624999999507
117.1875
182.9268749999926
223.57729166665763
121.95124999999507
234.375
351.5625
117.1875
117.1875
234.375
234.375
117.1875
120.96775000000548
120.96775000000548
241.93550000001096
120.96775000000548
120.96775000000548
118.11025000000086
236.22050000000172
236.22050000000172
118.11025000000086
118.11025000000086
236.22050000000172
236.22050000000172
236.22050000000172
118.11025000000086
88.58268749999354
236.2204999999875
354.33074999998837
236.2204999999875
118.11025000000086
118.11025000000086
347.2380000000044
464.4255000000044
111.94025000000352
55.97012500000176
55.97012500000176
234.375
214.84375
117.1875
117.1875
117.1875
234.375
478.27749999999014
117.1875
117.1875
223.57729166665763
121.95124999999507
223.57729166665763
121.95124999999507
234.375
117.1875
351.5625
468.75
117.1875
234.375
117.1875
117.1875
117.1875
468.75
117.1875
117.1875
234.375
117.1875
117.1875
234.375
214.84375
234.375
124.08999999999537
511.3839999999925
124.08999999999537
124.08999999999537
124.08999999999537
49.35075000000211
526.4080000000035
49.35075000000211
296.10449999999844
263.20400000000177
131.60200000000088
480.6920000000048
480.6920000000048
480.6920000000048
240.3460000000024
240.3460000000024
252.10074999999676
252.10074999999676
359.99999999999943
239.99999999999488
233.63637500000323
56.81818749999934
56.81818749999934
218.25397916666134
357.14287499999386
238.09525000000065
59.523812500003714
59.523812500003714
223.57729166667184
223.57729166667184
357.14287499999386
238.09525000000065
238.09525000000065
215.20147916666588
234.43224999999757
115.38462500000435
115.38462500000435
475.43112500000007
237.33587499999942
121.95124999999507
218.25397916666134
357.14287499999386
238.09525000000065
238.09525000000065
238.09525000000065
59.523812500003714
59.523812500003714
238.09525000000065
238.09525000000065
483.99700000000223
218.25397916666134
245.90175000000158
424.4731874999985
245.90175000000158
357.14287499999386
218.25397916666134
218.25397916666134
232.6839999999919
232.6839999999919
354.63524999998697
56.81818749999934
56.81818749999934
223.57729166665763
243.90249999999014
481.9977499999766
121.95124999999507
238.09524999998644
476.1904999999871
119.04762499999322
119.04762499999322
238.09525000000065
238.09525000000065
218.25397916666134
244.04762499999322
244.04762499999322
244.04762499999322
357.14287499999386
238.09525000000065
238.09525000000065
233.55149999999014
233.55149999999014
57.25193749999846
57.25193749999846
223.57729166667184
362.95012499999757
182.92687500000682
238.09525000000065
238.09525000000065
238.09525000000065
59.523812500003714
59.523812500003714
218.25397916666134
218.25397916666134
238.09525000000065
238.09525000000065
357.14287499999386
238.09525000000065
238.09525000000065
238.09525000000065
218.25397916666134
351.7316249999993
446.42860416666963
119.04762500000743
113.63637499999868
346.3203749999906
113.63637499999868
56.81818749999934
56.81818749999934
90386.68439583328
218.25397916666134
238.09525000000065
90525.5732916666
238.09524999998644
119.04762499999322
238.09524999998644
238.09524999998644
119.04762499999322
225.40993750000382
225.40993750000382
225.40993750000382
368.8526250000024
245.90174999998737
245.90174999998737
364.9493749999806
61.47543749999329
61.47543749999329
238.09525000000065
238.09525000000065
218.25397916666134
119.04762500000743
114.50387499999692
229.00774999999385
114.50387499999692
229.00774999999385
114.50387499999692
114.50387499999692
119.04762499999322
218.25397916666134
238.09525000000065
218.25397916666134
119.04762500000743
119.04762499999322
238.09524999998644
357.14287499997965
119.04762499999322
119.04762499999322
238.09524999998644
119.04762499999322
119.04762499999322
30.99174999999832
247.93399999998655
123.96699999999328
30.99174999999832
30.99174999999832
61.98349999999664
123.96699999999328
61.98349999999664
89.28571875000557
238.09525000000065
119.04762500000743
119.04762499999322
119.04762499999322
119.04762500000743
243.0146250000007
89.28571875000557
123.96699999999328
123.96699999999328
46.48762499999748
247.93400000000076
247.93400000000076
46.48762499999748
278.9257499999991
247.93399999998655
247.93399999998655
247.93399999998655
123.96699999999328
247.93400000000076
247.93400000000076
371.90099999999404
1095.8679999999958
247.93399999998655
61.98349999999664
61.98349999999664
359.99999999999943
219.99999999999886
240.0000000000091
60.000000000002274
60.000000000002274
219.99999999999886
219.99999999999886
119.99999999999034
240.0000000000091
359.99999999999943
120.00000000000455
120.00000000000455
117.999999999995
119.99999999999034
129.31037500000286
129.31037500000286
362.90325000001644
120.96775000000548
120.96775000000548
120.96775000000548
120.96775000000548
1076.3105000000337
221.77420833334338
120.96775000000548
117.1875
234.375
117.1875
120.00000000000455
240.0000000000091
120.00000000000455
240.0000000000091
120.00000000000455
480.0000000000182
120.00000000000455
240.0000000000091
486.05037500001913
120.00000000000455
246.05037500001004
120.00000000000455
120.00000000000455
126.05037500000549
126.05037500000549
359.99999999999943
606.0503750000095
120.00000000000455
219.99999999999886
119.99999999999034
90.00000000000341
240.0000000000091
60.000000000002274
120.00000000000455
60.000000000002274
231.09235416667673
97630.45377083324
99316.84791666653
126.05037500000549
238.09524999998644
119.04762499999322
238.09524999998644
119.04762499999322
218.25397916666134
119.04762499999322
238.09525000000065
119.04762500000743
357.14287499997965
119.04762499999322
238.09524999998644
119.04762499999322
586.1506249999735
352.59912499998336
119.04762499999322
114.50387499999692
114.50387499999692
57.25193749999846
57.25193749999846
119.04762499999322
218.25397916666134
119.04762500000743
119.04762500000743
122.95087500000079
245.90175000000158
245.90175000000158
122.95087500000079
122.95087500000079
491.80350000000317
225.40993750000382
491.80350000000317
122.95087500000079
122.95087500000079
368.8526250000024
122.95087500000079
122.95087500000079
225.40993750000382
245.90175000000158
122.95087500000079
122.95087500000079
120.00000000000455
240.0000000000091
120.00000000000455
240.0000000000091
120.00000000000455
120.00000000000455
487.8049999999803
731.7074999999704
487.8049999999803
91.4634374999963
121.95124999999507
121.95124999999507
121.95124999999507
243.90249999999014
243.90249999999014
121.95124999999507
121.95124999999507
243.90249999999014
496.17299999999886
496.17299999999886
121.95124999999507
121.95124999999507
231.24795833334133
126.13525000000436
126.13525000000436
560.119499999999
280.0597499999924
280.0597499999924
140.0298749999962
140.0298749999962
560.1195000000132
801.3898333333458
280.0597500000066
280.0597500000066
526.4080000000035
241.2703333333326
102593.70527083319
526.4080000000035
112516.00785416662
263.20400000000177
263.20400000000177
263.20400000000177
526.4080000000035
263.20400000000177
263.20400000000177
388.20400000000177
528.3448750000161
265.1868750000119
70.09343750000596
70.09343750000596
263.1580000000042
241.2281666666729
263.1580000000042
263.1580000000042
263.1580000000042
263.1580000000042
389.2083750000097
241.2281666666729
264.9392499999976
396.51824999999974
69.44443749999607
69.44443749999607
657.8950000000106
241.2281666666729
131.5790000000021
263.1580000000042
131.5790000000021
131.5790000000021
245.153375000001
98.68425000000514
136.28925000000436
136.28925000000436
136.28925000000436
408.8677500000131
136.28925000000436
136.28925000000436
136.28925000000436
136.28925000000436
136.28925000000436
136.28925000000436
136.28925000000436
136.28925000000436
136.28925000000436
136.28925000000436
102.21693750000327
136.28925000000436
136.28925000000436
136.28925000000436
1115.479333333326
136.28925000000436
102.21693750000327
137.105583333323
137.105583333323
137.92929166666568
137.92929166666568
138.76037500000393
138.76037500000393
140.0298749999962
140.0298749999962
140.90954166667302
140.90954166667302
141.78854166665644
106.12182291666272
142.6668750000033
142.6668750000033
1000.2981250000289
1137.9127500000266
67.56756250000251
67.56756250000251
144.23075000000551
144.23075000000551
144.23075000000551
144.23075000000551
353.9607499999988
137.61462499999766
576.9229999999936
3684.574624999996
72.11537499999565
72.11537499999565
72.11537499999565
144.23075000000551
144.23075000000551
562.4032500000027
198.25537500000223
481.0607499999975
282.80537499999525
2262.4430000000048
2262.4430000000048
2262.4430000000048
